return [ [ rec(
          EXT := [ [ 1, 0, 0, 0, 0 ], [ 1, 1, 0, 0, 0 ], [ 1, 0, 1, 0, 0 ], [ 1, 0, 0, 1, 0 ], [ 1, 0, 0, 0, 1 ] ],
          ListFaceStatus := [ rec(
                  eBigMat := [ [ 1, 0, 0, 0, 0 ], [ 0, 1, 0, 0, 0 ], [ 0, 0, 1, 0, 0 ], [ 0, 0, 0, 1, 0 ], 
                      [ 0, 0, 0, 0, 1 ] ],
                  iDelaunay := 2 ), rec(
                  eBigMat := [ [ 1, 0, 0, 0, 0 ], [ 0, 1, 0, 0, 0 ], [ 0, 0, 1, 0, 0 ], [ 0, 0, 0, 1, 0 ], 
                      [ 0, 0, 0, 0, 1 ] ],
                  iDelaunay := 3 ), 0, 0, 0 ],
          eBigMat := [ [ 1, 0, 0, 0, 0 ], [ 0, 1, 0, 0, 0 ], [ 0, 0, 1, 0, 0 ], [ 0, 0, 0, 1, 0 ], [ 0, 0, 0, 0, 1 ] 
             ],
          iOrbitSimpl := 1 ), rec(
          EXT := [ [ 1, -1, 1, 1, 1 ], [ 1, 0, 0, 0, 1 ], [ 1, 0, 0, 1, 0 ], [ 1, 0, 1, 0, 0 ], [ 1, 1, 0, 0, 0 ] ],
          ListFaceStatus := [ rec(
                  eBigMat := [ [ 1, 0, 0, 0, 0 ], [ 0, 1, 0, 0, 0 ], [ 0, 0, 1, 0, 0 ], [ 0, 0, 0, 1, 0 ], 
                      [ 0, 0, 0, 0, 1 ] ],
                  iDelaunay := 1 ), 0, 0, 0, rec(
                  eBigMat := [ [ 1, 0, 0, 0, 0 ], [ 0, 1, 0, 0, 0 ], [ 0, 0, 1, 0, 0 ], [ 0, 0, 0, 1, 0 ], 
                      [ 0, 0, 0, 0, 1 ] ],
                  iDelaunay := 3 ) ],
          eBigMat := [ [ 1, -1, 1, 1, 1 ], [ 0, 1, -1, -1, 0 ], [ 0, 1, -1, 0, -1 ], [ 0, 1, 0, -1, -1 ], 
              [ 0, 2, -1, -1, -1 ] ],
          iOrbitSimpl := 1 ), rec(
          EXT := [ [ 1, -1, 1, 1, 1 ], [ 1, 0, 0, 0, 1 ], [ 1, 0, 0, 1, 0 ], [ 1, 0, 1, 0, 0 ], [ 1, 0, 0, 0, 0 ] ],
          ListFaceStatus := [ rec(
                  eBigMat := [ [ 1, 0, 0, 0, 0 ], [ 0, 1, 0, 0, 0 ], [ 0, 0, 1, 0, 0 ], [ 0, 0, 0, 1, 0 ], 
                      [ 0, 0, 0, 0, 1 ] ],
                  iDelaunay := 1 ), 0, 0, 0, rec(
                  eBigMat := [ [ 1, 0, 0, 0, 0 ], [ 0, 1, 0, 0, 0 ], [ 0, 0, 1, 0, 0 ], [ 0, 0, 0, 1, 0 ], 
                      [ 0, 0, 0, 0, 1 ] ],
                  iDelaunay := 2 ) ],
          eBigMat := [ [ 1, -1, 1, 1, 1 ], [ 0, 1, -1, -1, 0 ], [ 0, 1, -1, 0, -1 ], [ 0, 1, 0, -1, -1 ], 
              [ 0, 1, -1, -1, -1 ] ],
          iOrbitSimpl := 1 ) ], [ rec(
          EXT := [ [ 1, 0, 0, 0, 0 ], [ 1, 1, 0, 0, 0 ], [ 1, 0, 1, 0, 0 ], [ 1, 0, 0, 1, 0 ], [ 1, 0, 0, 0, 1 ] ],
          ListFaceStatus := [ rec(
                  eBigMat := [ [ 1, 0, 0, 0, 0 ], [ 0, 1, 0, 0, 0 ], [ 0, 0, 1, 0, 0 ], [ 0, 0, 0, 1, 0 ], 
                      [ 0, 0, 0, 0, 1 ] ],
                  iDelaunay := 2 ), rec(
                  eBigMat := [ [ 1, 0, 0, 0, 0 ], [ 0, 1, 0, 0, 0 ], [ 0, 0, 1, 0, 0 ], [ 0, 0, 0, 1, 0 ], 
                      [ 0, 0, 0, 0, 1 ] ],
                  iDelaunay := 3 ), 0, 0, 0 ],
          eBigMat := [ [ 1, 0, 0, 0, 0 ], [ 0, 1, 0, 0, 0 ], [ 0, 0, 1, 0, 0 ], [ 0, 0, 0, 1, 0 ], [ 0, 0, 0, 0, 1 ] 
             ],
          iOrbitSimpl := 1 ), rec(
          EXT := [ [ 1, -1, 1, 1, 1 ], [ 1, 0, 0, 0, 1 ], [ 1, 0, 0, 1, 0 ], [ 1, 0, 1, 0, 0 ], [ 1, 1, 0, 0, 0 ] ],
          ListFaceStatus := [ rec(
                  eBigMat := [ [ 1, 0, 0, 0, 0 ], [ 0, 1, 0, 0, 0 ], [ 0, 0, 1, 0, 0 ], [ 0, 0, 0, 1, 0 ], 
                      [ 0, 0, 0, 0, 1 ] ],
                  iDelaunay := 1 ), 0, 0, 0, 0 ],
          eBigMat := [ [ 1, -1, 1, 1, 1 ], [ 0, 1, -1, -1, 0 ], [ 0, 1, -1, 0, -1 ], [ 0, 1, 0, -1, -1 ], 
              [ 0, 2, -1, -1, -1 ] ],
          iOrbitSimpl := 1 ), rec(
          EXT := [ [ 1, 0, 0, 0, 1 ], [ 1, 0, 0, 1, 0 ], [ 1, -1, 0, 1, 1 ], [ 1, 0, 1, 0, 0 ], [ 1, 0, 0, 0, 0 ] ],
          ListFaceStatus := [ 0, 0, rec(
                  eBigMat := [ [ 1, 0, 0, 0, 0 ], [ 0, 1, 0, 0, 0 ], [ 0, 0, 1, 0, 0 ], [ 0, 0, 0, 1, 0 ], 
                      [ 0, 0, 0, 0, 1 ] ],
                  iDelaunay := 1 ), 0, 0 ],
          eBigMat := [ [ 1, 0, 0, 0, 1 ], [ 0, 0, 0, 1, -1 ], [ 0, -1, 0, 1, 0 ], [ 0, 0, 1, 0, -1 ], 
              [ 0, 0, 0, 0, -1 ] ],
          iOrbitSimpl := 1 ) ], [ rec(
          EXT := [ [ 1, 0, 0, 0, 0 ], [ 1, 1, 0, 0, 0 ], [ 1, 0, 1, 0, 0 ], [ 1, 0, 0, 1, 0 ], [ 1, 0, 0, 0, 1 ] ],
          ListFaceStatus := [ rec(
                  eBigMat := [ [ 1, 0, 0, 0, 0 ], [ 0, 1, 0, 0, 0 ], [ 0, 0, 1, 0, 0 ], [ 0, 0, 0, 1, 0 ], 
                      [ 0, 0, 0, 0, 1 ] ],
                  iDelaunay := 2 ), rec(
                  eBigMat := [ [ 1, 0, 0, 0, 0 ], [ 0, 1, 0, 0, 0 ], [ 0, 0, 1, 0, 0 ], [ 0, 0, 0, 1, 0 ], 
                      [ 0, 0, 0, 0, 1 ] ],
                  iDelaunay := 3 ), 0, 0, 0 ],
          eBigMat := [ [ 1, 0, 0, 0, 0 ], [ 0, 1, 0, 0, 0 ], [ 0, 0, 1, 0, 0 ], [ 0, 0, 0, 1, 0 ], [ 0, 0, 0, 0, 1 ] 
             ],
          iOrbitSimpl := 1 ), rec(
          EXT := [ [ 1, 0, 0, 0, 1 ], [ 1, 0, 0, 1, 0 ], [ 1, 0, 0, 1, 1 ], [ 1, 0, 1, 0, 0 ], [ 1, 1, 0, 0, 0 ] ],
          ListFaceStatus := [ 0, 0, rec(
                  eBigMat := [ [ 1, 0, 0, 0, 0 ], [ 0, 1, 0, 0, 0 ], [ 0, 0, 1, 0, 0 ], [ 0, 0, 0, 1, 0 ], 
                      [ 0, 0, 0, 0, 1 ] ],
                  iDelaunay := 1 ), 0, 0 ],
          eBigMat := [ [ 1, 0, 0, 0, 1 ], [ 0, 0, 0, 1, -1 ], [ 0, 0, 0, 1, 0 ], [ 0, 0, 1, 0, -1 ], 
              [ 0, 1, 0, 0, -1 ] ],
          iOrbitSimpl := 1 ), rec(
          EXT := [ [ 1, 0, 0, 0, 1 ], [ 1, 0, 0, 1, 0 ], [ 1, -1, 0, 1, 1 ], [ 1, 0, 1, 0, 0 ], [ 1, 0, 0, 0, 0 ] ],
          ListFaceStatus := [ 0, 0, rec(
                  eBigMat := [ [ 1, 0, 0, 0, 0 ], [ 0, 1, 0, 0, 0 ], [ 0, 0, 1, 0, 0 ], [ 0, 0, 0, 1, 0 ], 
                      [ 0, 0, 0, 0, 1 ] ],
                  iDelaunay := 1 ), 0, 0 ],
          eBigMat := [ [ 1, 0, 0, 0, 1 ], [ 0, 0, 0, 1, -1 ], [ 0, -1, 0, 1, 0 ], [ 0, 0, 1, 0, -1 ], 
              [ 0, 0, 0, 0, -1 ] ],
          iOrbitSimpl := 1 ) ], [ rec(
          EXT := [ [ 1, 0, 0, 0, 0 ], [ 1, 1, 0, 0, 0 ], [ 1, 0, 1, 0, 0 ], [ 1, 0, 0, 1, 0 ], [ 1, 0, 0, 0, 1 ] ],
          ListFaceStatus := [ rec(
                  eBigMat := [ [ 1, 0, 0, 0, 0 ], [ 0, 1, 0, 0, 0 ], [ 0, 0, 1, 0, 0 ], [ 0, 0, 0, 1, 0 ], 
                      [ 0, 0, 0, 0, 1 ] ],
                  iDelaunay := 2 ), rec(
                  eBigMat := [ [ 1, 0, 0, 0, 0 ], [ 0, 1, 0, 0, 0 ], [ 0, 0, 1, 0, 0 ], [ 0, 0, 0, 1, 0 ], 
                      [ 0, 0, 0, 0, 1 ] ],
                  iDelaunay := 3 ), 0, 0, 0 ],
          eBigMat := [ [ 1, 0, 0, 0, 0 ], [ 0, 1, 0, 0, 0 ], [ 0, 0, 1, 0, 0 ], [ 0, 0, 0, 1, 0 ], [ 0, 0, 0, 0, 1 ] 
             ],
          iOrbitSimpl := 1 ), rec(
          EXT := [ [ 1, 0, 0, 0, 1 ], [ 1, 0, 0, 1, 0 ], [ 1, 0, 0, 1, 1 ], [ 1, 0, 1, 0, 0 ], [ 1, 1, 0, 0, 0 ] ],
          ListFaceStatus := [ 0, 0, rec(
                  eBigMat := [ [ 1, 0, 0, 0, 0 ], [ 0, 1, 0, 0, 0 ], [ 0, 0, 1, 0, 0 ], [ 0, 0, 0, 1, 0 ], 
                      [ 0, 0, 0, 0, 1 ] ],
                  iDelaunay := 1 ), 0, 0 ],
          eBigMat := [ [ 1, 0, 0, 0, 1 ], [ 0, 0, 0, 1, -1 ], [ 0, 0, 0, 1, 0 ], [ 0, 0, 1, 0, -1 ], 
              [ 0, 1, 0, 0, -1 ] ],
          iOrbitSimpl := 1 ), rec(
          EXT := [ [ 1, 0, 1, 0, 0 ], [ 1, 0, 0, 0, 0 ], [ 1, -1, 1, 0, 0 ], [ 1, 0, 0, 0, 1 ], [ 1, 0, 0, 1, 0 ] ],
          ListFaceStatus := [ 0, 0, rec(
                  eBigMat := [ [ 1, 0, 0, 0, 0 ], [ 0, 1, 0, 0, 0 ], [ 0, 0, 1, 0, 0 ], [ 0, 0, 0, 1, 0 ], 
                      [ 0, 0, 0, 0, 1 ] ],
                  iDelaunay := 1 ), 0, 0 ],
          eBigMat := [ [ 1, 0, 1, 0, 0 ], [ 0, 0, -1, 0, 0 ], [ 0, -1, 0, 0, 0 ], [ 0, 0, -1, 0, 1 ], 
              [ 0, 0, -1, 1, 0 ] ],
          iOrbitSimpl := 1 ) ], [ rec(
          EXT := [ [ 1, 0, 0, 0, 0 ], [ 1, 1, 0, 0, 0 ], [ 1, 0, 1, 0, 0 ], [ 1, 0, 0, 1, 0 ], [ 1, 0, 0, 0, 1 ] ],
          ListFaceStatus := [ rec(
                  eBigMat := [ [ 1, 0, 0, 0, 0 ], [ 0, 1, 0, 0, 0 ], [ 0, 0, 1, 0, 0 ], [ 0, 0, 0, 1, 0 ], 
                      [ 0, 0, 0, 0, 1 ] ],
                  iDelaunay := 2 ), rec(
                  eBigMat := [ [ 1, 0, 0, 0, 0 ], [ 0, 1, 0, 0, 0 ], [ 0, 0, 1, 0, 0 ], [ 0, 0, 0, 1, 0 ], 
                      [ 0, 0, 0, 0, 1 ] ],
                  iDelaunay := 3 ), 0, 0, 0 ],
          eBigMat := [ [ 1, 0, 0, 0, 0 ], [ 0, 1, 0, 0, 0 ], [ 0, 0, 1, 0, 0 ], [ 0, 0, 0, 1, 0 ], [ 0, 0, 0, 0, 1 ] 
             ],
          iOrbitSimpl := 1 ), rec(
          EXT := [ [ 1, 0, 0, 0, 1 ], [ 1, 0, 0, 1, 0 ], [ 1, 0, 0, 1, 1 ], [ 1, 0, 1, 0, 0 ], [ 1, 1, 0, 0, 0 ] ],
          ListFaceStatus := [ 0, 0, rec(
                  eBigMat := [ [ 1, 0, 0, 0, 0 ], [ 0, 1, 0, 0, 0 ], [ 0, 0, 1, 0, 0 ], [ 0, 0, 0, 1, 0 ], 
                      [ 0, 0, 0, 0, 1 ] ],
                  iDelaunay := 1 ), 0, 0 ],
          eBigMat := [ [ 1, 0, 0, 0, 1 ], [ 0, 0, 0, 1, -1 ], [ 0, 0, 0, 1, 0 ], [ 0, 0, 1, 0, -1 ], 
              [ 0, 1, 0, 0, -1 ] ],
          iOrbitSimpl := 1 ), rec(
          EXT := [ [ 1, 0, 1, 0, 0 ], [ 1, 0, 0, 0, 1 ], [ 1, -1, 1, 0, 1 ], [ 1, 0, 0, 1, 0 ], [ 1, 0, 0, 0, 0 ] ],
          ListFaceStatus := [ 0, 0, rec(
                  eBigMat := [ [ 1, 0, 0, 0, 0 ], [ 0, 1, 0, 0, 0 ], [ 0, 0, 1, 0, 0 ], [ 0, 0, 0, 1, 0 ], 
                      [ 0, 0, 0, 0, 1 ] ],
                  iDelaunay := 1 ), 0, 0 ],
          eBigMat := [ [ 1, 0, 1, 0, 0 ], [ 0, 0, -1, 0, 1 ], [ 0, -1, 0, 0, 1 ], [ 0, 0, -1, 1, 0 ], 
              [ 0, 0, -1, 0, 0 ] ],
          iOrbitSimpl := 1 ) ] ];
