return rec(
  ListOrbitSimplices := [ rec(
          ListOrbitPoint := [ rec(
                  ListOrbitMatch := [ rec(
                          eBigMat := [ [ 1, -1, 1, 1, 1 ], [ 0, 1, -1, -1, 0 ], [ 0, 1, -1, 0, -1 ], 
                              [ 0, 1, 0, -1, -1 ], [ 0, 2, -1, -1, -1 ] ],
                          eHyp := [ -1, -1, 1, 1, 1 ],
                          ePoint := [ 1, -1, 1, 1, 1 ],
                          eSet := [ 2, 3, 4, 5 ],
                          iSimp := 1,
                          nbIntegral := 22 ), rec(
                          eBigMat := [ [ 1, 0, 0, 0, 1 ], [ 0, 0, 0, 1, -1 ], [ 0, 0, 0, 1, 0 ], [ 0, 0, 1, 0, -1 ], 
                              [ 0, 1, 0, 0, -1 ] ],
                          eHyp := [ -1, 0, 0, 1, 1 ],
                          ePoint := [ 1, 0, 0, 1, 1 ],
                          eSet := [ 2, 3, 4, 5 ],
                          iSimp := 1,
                          nbIntegral := 20 ) ],
                  TotalListAdjacent := [ rec(
                          eBigMat := [ [ 1, -1, 1, 1, 1 ], [ 0, 1, -1, -1, 0 ], [ 0, 1, -1, 0, -1 ], 
                              [ 0, 1, 0, -1, -1 ], [ 0, 2, -1, -1, -1 ] ],
                          iOrbitSimpl := 1 ), rec(
                          eBigMat := [ [ 1, 1, -1, 1, 1 ], [ 0, 0, 1, -1, -1 ], [ 0, -1, 1, -1, 0 ], 
                              [ 0, -1, 1, 0, -1 ], [ 0, -1, 2, -1, -1 ] ],
                          iOrbitSimpl := 1 ), rec(
                          eBigMat := [ [ 1, 1, 1, -1, 1 ], [ 0, -1, 0, 1, -1 ], [ 0, 0, -1, 1, -1 ], 
                              [ 0, -1, -1, 1, 0 ], [ 0, -1, -1, 2, -1 ] ],
                          iOrbitSimpl := 1 ), rec(
                          eBigMat := [ [ 1, 1, 1, 1, -1 ], [ 0, -1, -1, 0, 1 ], [ 0, -1, 0, -1, 1 ], 
                              [ 0, 0, -1, -1, 1 ], [ 0, -1, -1, -1, 2 ] ],
                          iOrbitSimpl := 1 ), rec(
                          eBigMat := [ [ 1, 0, 0, 0, 1 ], [ 0, 0, 0, 1, -1 ], [ 0, 0, 0, 1, 0 ], [ 0, 0, 1, 0, -1 ], 
                              [ 0, 1, 0, 0, -1 ] ],
                          iOrbitSimpl := 1 ), rec(
                          eBigMat := [ [ 1, 1, 0, 0, 0 ], [ 0, -1, 0, 0, 1 ], [ 0, 0, 0, 0, 1 ], [ 0, -1, 0, 1, 0 ], 
                              [ 0, -1, 1, 0, 0 ] ],
                          iOrbitSimpl := 1 ), rec(
                          eBigMat := [ [ 1, 0, 1, 0, 0 ], [ 0, 1, -1, 0, 0 ], [ 0, 1, 0, 0, 0 ], [ 0, 0, -1, 0, 1 ], 
                              [ 0, 0, -1, 1, 0 ] ],
                          iOrbitSimpl := 1 ), rec(
                          eBigMat := [ [ 1, 0, 1, 0, 0 ], [ 0, 0, -1, 0, 1 ], [ 0, 0, 0, 0, 1 ], [ 0, 0, -1, 1, 0 ], 
                              [ 0, 1, -1, 0, 0 ] ],
                          iOrbitSimpl := 1 ), rec(
                          eBigMat := [ [ 1, 0, 0, 1, 0 ], [ 0, 0, 1, -1, 0 ], [ 0, 0, 1, 0, 0 ], [ 0, 1, 0, -1, 0 ], 
                              [ 0, 0, 0, -1, 1 ] ],
                          iOrbitSimpl := 1 ), rec(
                          eBigMat := [ [ 1, 0, 0, 1, 0 ], [ 0, 1, 0, -1, 0 ], [ 0, 1, 0, 0, 0 ], [ 0, 0, 0, -1, 1 ], 
                              [ 0, 0, 1, -1, 0 ] ],
                          iOrbitSimpl := 1 ) ],
                  iPoint := 1 ) ],
          ListOrbitRepresentative := [ 1, 1, 1, 1, 1 ],
          PermGrp := SymmetricGroup( [ 1 .. 5 ] ),
          eSimp := [ [ 1, 0, 0, 0, 0 ], [ 1, 1, 0, 0, 0 ], [ 1, 0, 1, 0, 0 ], [ 1, 0, 0, 1, 0 ], [ 1, 0, 0, 0, 1 ] ],
          phi := GroupHomomorphismByImages( SymmetricGroup( [ 1 .. 5 ] ), Group(
            [ [ [ 1, 1, 0, 0, 0 ], [ 0, -1, 1, 0, 0 ], [ 0, -1, 0, 1, 0 ], [ 0, -1, 0, 0, 1 ], [ 0, -1, 0, 0, 0 ] ], 
              [ [ 1, 1, 0, 0, 0 ], [ 0, -1, 0, 0, 0 ], [ 0, -1, 1, 0, 0 ], [ 0, -1, 0, 1, 0 ], [ 0, -1, 0, 0, 1 ] ] 
             ]), [ (1,2,3,4,5), (1,2) ], 
            [ [ [ 1, 1, 0, 0, 0 ], [ 0, -1, 1, 0, 0 ], [ 0, -1, 0, 1, 0 ], [ 0, -1, 0, 0, 1 ], [ 0, -1, 0, 0, 0 ] ], 
              [ [ 1, 1, 0, 0, 0 ], [ 0, -1, 0, 0, 0 ], [ 0, -1, 1, 0, 0 ], [ 0, -1, 0, 1, 0 ], [ 0, -1, 0, 0, 1 ] ] 
             ] ) ) ],
  MaxVal := 4,
  n := 4 );
